21
1
0
20
0 360 5.517 0.02
0 340 5.583 0.02
0 320 5.441 0.02
0 300 5.292 0.02
0 280 5.141 0.02
0 260 4.990 0.02
0 240 4.843 0.02
0 220 4.705 0.02
0 200 4.568 0.02
0 180 4.462 0.02
0 160 4.348 0.02
0 140 4.257 0.02
0 120 4.177 0.02
0 100 4.109 0.02
0 090 4.080 0.02
0 080 4.054 0.02
0 070 4.030 0.02
0 060 4.008 0.02
0 050 3.985 0.02
0 045 3.973 0.02
0 040 3.960 0.02
21
1
0
20
0 360 5.517 0.04
0 340 5.583 0.04
0 320 5.441 0.04
0 300 5.292 0.04
0 280 5.141 0.04
0 260 4.990 0.04
0 240 4.843 0.04
0 220 4.705 0.04
0 200 4.568 0.04
0 180 4.462 0.04
0 160 4.348 0.04
0 140 4.257 0.04
0 120 4.177 0.04
0 100 4.109 0.04
0 090 4.080 0.04
0 080 4.054 0.04
0 070 4.030 0.04
0 060 4.008 0.04
0 050 3.985 0.04
0 045 3.973 0.04
0 040 3.960 0.04