104 5 10 
      0.0  13088.50  11262.20   3667.80    1327.7      84.6  11262.20   3667.80   1.00000 
 305375.0  13068.19  11247.58   3657.58    1327.7      84.6  11247.58   3657.58   1.00000 
 610750.0  13007.28  11203.72   3626.93    1327.7      84.6  11203.72   3626.93   1.00000 
 916125.0  12905.75  11130.61   3575.84    1327.7      84.6  11130.61   3575.84   1.00000 
1221500.0  12763.61  11028.26   3504.31    1327.7      84.6  11028.26   3504.31   1.00000 
1221500.0  12166.33  10355.72      0.00   57823.0       0.0  10355.72      0.00   1.00000 
1786125.0  11819.08   9995.51      0.00   57823.0       0.0   9995.51      0.00   1.00000 
2350750.0  11341.57   9531.41      0.00   57823.0       0.0   9531.41      0.00   1.00000 
2915375.0  10710.72   8906.73      0.00   57823.0       0.0   8906.73      0.00   1.00000 
3480000.0   9903.44   8064.79      0.00   57823.0       0.0   8064.79      0.00   1.00000 
3480000.0   5566.46  13716.62   7264.65   57823.0     312.0  13716.62   7264.65   1.00000 
3517500.0   5547.67  13707.45   7265.03   57823.0     312.0  13707.45   7265.03   1.00000 
3555000.0   5528.91  13698.36   7265.37   57823.0     312.0  13698.36   7265.37   1.00000 
3592500.0   5510.18  13689.36   7265.69   57823.0     312.0  13689.36   7265.69   1.00000 
3630000.0   5491.48  13680.44   7265.97   57823.0     312.0  13680.44   7265.97   1.00000 
3630000.0   5491.48  13680.42   7265.93   57823.0     312.0  13680.42   7265.93   1.00000 
3666482.0   5473.29  13636.25   7249.23   57823.0     312.0  13636.25   7249.23   1.00000 
4113380.0   5250.61  13115.22   7049.23   57823.0     312.0  13115.22   7049.23   1.00000 
4560278.0   5023.63  12593.01   6844.18   57823.0     312.0  12593.01   6844.18   1.00000 
5007176.0   4785.94  12014.44   6614.88   57823.0     312.0  12014.44   6614.88   1.00000 
5454074.0   4531.16  11324.35   6342.10   57823.0     312.0  11324.35   6342.10   1.00000 
5490556.0   4509.42  11261.40   6317.33   57823.0     312.0  11261.40   6317.33   1.00000 
5527037.0   4487.51  11197.31   6292.13   57823.0     312.0  11197.31   6292.13   1.00000 
5563518.0   4465.44  11132.05   6266.48   57823.0     312.0  11132.05   6266.48   1.00000 
5600000.0   4443.20  11065.59   6240.39   57823.0     312.0  11065.59   6240.39   1.00000 
5600000.0   4443.20  11065.60   6240.54   57823.0     312.0  11065.60   6240.54   1.00000 
5633667.0   4422.53  10960.91   6142.04   57823.0     312.0  10960.91   6142.04   1.00000 
5667333.0   4401.71  10856.15   6043.57   57823.0     312.0  10856.15   6043.57   1.00000 
5667333.0   4396.91  10832.14   6021.03   57823.0     312.0  10832.14   6021.03   1.00000 
5687333.0   4396.91  10832.14   6021.03   57823.0     312.0  10832.14   6021.03   1.00000 
5687333.0   4387.30  10784.13   5975.94   57823.0     312.0  10784.13   5975.94   1.00000 
5707333.0   4387.30  10784.13   5975.94   57823.0     312.0  10784.13   5975.94   1.00000 
5707333.0   4381.62  10755.72   5949.26   57823.0     312.0  10755.72   5949.26   1.00000 
5711000.0   4381.62  10755.72   5949.26   57823.0     312.0  10755.72   5949.26   1.00000 
5711000.0   3989.40  10248.10   5561.18   57823.0     143.0  10248.10   5561.18   1.00000 
5731000.0   3989.40  10248.10   5561.18   57823.0     143.0  10248.10   5561.18   1.00000 
5731000.0   3983.97  10211.97   5543.11   57823.0     143.0  10211.97   5543.11   1.00000 
5751000.0   3983.97  10211.97   5543.11   57823.0     143.0  10211.97   5543.11   1.00000 
5751000.0   3978.54  10175.83   5525.05   57823.0     143.0  10175.83   5525.05   1.00000 
5771000.0   3978.54  10175.83   5525.05   57823.0     143.0  10175.83   5525.05   1.00000 
5771000.0   3963.22  10106.63   5486.76   57823.0     143.0  10106.23   5486.76   1.00000 
5791000.0   3963.22  10106.63   5486.76   57823.0     143.0  10106.23   5486.76   1.00000 
5791000.0   3938.01  10004.23   5428.41   57823.0     143.0  10003.83   5428.41   1.00000 
5811000.0   3938.01  10004.23   5428.41   57823.0     143.0  10003.83   5428.41   1.00000 
5811000.0   3912.81   9901.87   5370.08   57823.0     143.0   9901.47   5370.08   1.00000 
5831000.0   3912.81   9901.87   5370.08   57823.0     143.0   9901.47   5370.08   1.00000 
5831000.0   3887.62   9799.54   5311.77   57823.0     143.0   9799.14   5311.77   1.00000 
5851000.0   3887.62   9799.54   5311.77   57823.0     143.0   9799.14   5311.77   1.00000 
5851000.0   3862.34   9696.88   5253.28   57823.0     143.0   9696.48   5253.28   1.00000 
5871000.0   3862.34   9696.88   5253.28   57823.0     143.0   9696.48   5253.28   1.00000 
5871000.0   3836.98   9593.88   5194.59   57823.0     143.0   9593.48   5194.59   1.00000 
5891000.0   3836.98   9593.88   5194.59   57823.0     143.0   9593.48   5194.59   1.00000 
5891000.0   3812.09   9492.78   5136.98   57823.0     143.0   9492.38   5136.98   1.00000 
5911000.0   3812.09   9492.78   5136.98   57823.0     143.0   9492.38   5136.98   1.00000 
5911000.0   3787.67   9393.58   5080.45   57823.0     143.0   9393.18   5080.45   1.00000 
5931000.0   3787.67   9393.58   5080.45   57823.0     143.0   9393.18   5080.45   1.00000 
5931000.0   3758.22   9273.96   5012.29   57823.0     143.0   9273.56   5012.29   1.00000 
5951000.0   3758.22   9273.96   5012.29   57823.0     143.0   9273.56   5012.29   1.00000 
5951000.0   3732.37   9168.93   4952.44   57823.0     143.0   9168.53   4952.44   1.00000 
5961000.0   3732.37   9168.93   4952.44   57823.0     143.0   9168.53   4952.44   1.00000 
5961000.0   3533.59   8860.15   4752.59   57823.0     139.7   8860.15   4752.34   0.99876 
5981000.0   3533.59   8860.15   4752.59   57823.0     139.7   8860.15   4752.34   0.99876 
5981000.0   3514.24   8769.97   4717.98   57823.0     133.1   8769.97   4717.22   0.99628 
6001000.0   3514.24   8769.97   4717.98   57823.0     133.1   8769.97   4717.22   0.99628 
6001000.0   3494.90   8679.80   4683.37   57823.0     126.4   8679.80   4682.10   0.99381 
6021000.0   3494.90   8679.80   4683.37   57823.0     126.4   8679.80   4682.10   0.99381 
6021000.0   3475.56   8589.62   4648.76   57823.0     119.8   8589.62   4646.98   0.99133 
6041000.0   3475.56   8589.62   4648.76   57823.0     119.8   8589.62   4646.98   0.99133 
6041000.0   3456.21   8499.44   4614.15   57823.0     113.2   8499.44   4611.86   0.98885 
6061000.0   3456.21   8499.44   4614.15   57823.0     113.2   8499.44   4611.86   0.98885 
6061000.0   3436.87   8409.27   4579.54   57823.0     106.5   8409.27   4576.74   0.98637 
6081000.0   3436.87   8409.27   4579.54   57823.0     106.5   8409.27   4576.74   0.98637 
6081000.0   3417.52   8319.09   4544.92   57823.0      99.9   8319.09   4541.62   0.98389 
6101000.0   3417.52   8319.09   4544.92   57823.0      99.9   8319.09   4541.62   0.98389 
6101000.0   3398.18   8228.91   4510.31   57823.0      93.3   8228.91   4506.50   0.98142 
6121000.0   3398.18   8228.91   4510.31   57823.0      93.3   8228.91   4506.50   0.98142 
6121000.0   3378.83   8138.74   4475.70   57823.0      86.6   8138.74   4471.38   0.97894 
6141000.0   3378.83   8138.74   4475.70   57823.0      86.6   8138.74   4471.38   0.97894 
6141000.0   3364.33   8071.10   4449.74   57823.0      81.7   8071.10   4445.04   0.97708 
6151000.0   3364.33   8071.10   4449.74   57823.0      81.7   8071.10   4445.04   0.97708 
6151000.0   3360.58   8055.81   4438.78   57823.0      80.0   8055.81   4438.78   0.97257 
6171000.0   3360.58   8055.81   4438.78   57823.0      80.0   8055.81   4438.78   0.97257 
6171000.0   3362.75   8070.30   4434.17   57823.0      80.0   8070.30   4434.17   0.96479 
6191000.0   3362.75   8070.30   4434.17   57823.0      80.0   8070.30   4434.17   0.96479 
6191000.0   3364.93   8084.80   4429.56   57823.0      80.0   8084.80   4429.56   0.95701 
6211000.0   3364.93   8084.80   4429.56   57823.0      80.0   8084.80   4429.56   0.95701 
6211000.0   3367.10   8099.30   4424.96   57823.0      80.0   8099.30   4424.96   0.94924 
6231000.0   3367.10   8099.30   4424.96   57823.0      80.0   8099.30   4424.96   0.94924 
6231000.0   3369.27   8113.79   4420.35   57823.0      80.0   8113.79   4420.35   0.94146 
6251000.0   3369.27   8113.79   4420.35   57823.0      80.0   8113.79   4420.35   0.94146 
6251000.0   3371.44   8128.28   4415.74   57823.0      80.0   8128.28   4415.74   0.93368 
6271000.0   3371.44   8128.28   4415.74   57823.0      80.0   8128.28   4415.74   0.93368 
6271000.0   3373.62   8142.77   4411.13   57823.0      80.0   8142.77   4411.13   0.92590 
6291000.0   3373.62   8142.77   4411.13   57823.0      80.0   8142.77   4411.13   0.92590 
6291000.0   3375.83   8157.49   4406.46   57823.0     600.0   8157.49   4406.46   0.91800 
6311000.0   3375.83   8157.49   4406.46   57823.0     600.0   8157.49   4406.46   0.91800 
6311000.0   3377.51   8168.69   4402.90   57823.0     600.0   8168.69   4402.90   0.91200 
6321000.0   3377.51   8168.69   4402.90   57823.0     600.0   8168.69   4402.90   0.91200 
6321000.0   3379.41   8181.37   4398.87   57823.0     600.0   8181.37   4398.87   0.90519 
6336000.0   3379.41   8181.37   4398.87   57823.0     600.0   8181.37   4398.87   0.90519 
6336000.0   2900.00   6800.00   3900.00   57823.0     600.0   6800.00   3900.00   1.00000 
6351000.0   2900.00   6800.00   3900.00   57823.0     600.0   6800.00   3900.00   1.00000 
6351000.0   2600.00   5800.00   3200.00   57823.0     600.0   5800.00   3200.00   1.00000 
6371000.0   2600.00   5800.00   3200.00   57823.0     600.0   5800.00   3200.00   1.00000 
