100 
6.576972 
6.487300 
5.746934 
6.232815 
6.594006 
8.428835 
6.275941 
7.225376 
5.943634 
8.404475 
7.915505 
4.880368 
5.742957 
5.348675 
8.819419 
6.990761 
8.165611 
7.904998 
5.945070 
6.480245 
5.250559 
8.081285 
7.168260 
6.833232 
5.347572 
5.439819 
5.408131 
8.224964 
6.691586 
7.648829 
7.115627 
8.510547 
7.444791 
5.982338 
7.859545 
8.658227 
6.958669 
5.840034 
7.637254 
7.829077 
6.265335 
6.708831 
7.431077 
6.601705 
7.971578 
6.108260 
8.335845 
5.202637 
4.908582 
6.404678 
8.296973 
7.109964 
8.141174 
4.773805 
5.202848 
7.740470 
5.565863 
4.679385 
7.929856 
6.427469 
6.605431 
8.672620 
6.112603 
6.441866 
8.508335 
5.999265 
7.778530 
6.673702 
7.188406 
5.796949 
7.658636 
6.397674 
8.425722 
7.602209 
7.583975 
5.662467 
5.781670 
6.100826 
8.607800 
5.205051 
6.246157 
6.616866 
7.722495 
7.883501 
6.684053 
7.678729 
8.686232 
6.654744 
6.902621 
8.445075 
5.990722 
6.374298 
8.462636 
5.914074 
5.398793 
8.318395 
5.325620 
8.019068 
5.490806 
5.725434 
